p1 = ( 0 , 0 )
p2 = ( 0.517638 , 1.93185 )
p3 = ( 1.93185 , 0.517638 )

F(p1) = 7
F(p2) = 221.736
F(p3) = 189.209

Current Maximum F = 221.736
Current Index = 2

p1 = ( 0 , 0 )
p2 = ( 1.41421 , -1.41421 )
p3 = ( 1.93185 , 0.517638 )

F(p1) = 7
F(p2) = 0.473088
F(p3) = 189.209

Current Maximum F = 189.209
Current Index = 3

p1 = ( 0 , 0 )
p2 = ( 1.41421 , -1.41421 )
p3 = ( -0.517638 , -1.93185 )

F(p1) = 7
F(p2) = 0.473088
F(p3) = 162.264

Current Maximum F = 162.264
Current Index = 3

